10000000 7376861273 5 0
10000001 7376861273 4 0
10000002 5625107425 1 0
10000003 7376861273 6 0
10000004 7376861273 5 0
10000005 6617583626 4 0
10000006 8630770711 999 0
10000007 7376861273 6 0
10000008 7643389470 3 0
10000009 7376861273 3 0
10000010 5519682154 1 0
10000011 8486110068 1 0
10000012 9370313576 4 0
10000013 6460097322 5 0
10000014 7129168822 4 0
10000015 9708785797 5 0
10000016 9524342891 6 0
10000017 7344138364 1 0
10000018 9283799197 4 0
10000019 7376861273 3 0
10000020 2024536256 3 0
10000021 8152070235 4 0
10000022 9858052959 3 0
10000023 4789934027 4 0
10000024 3239808433 4 0
10000025 2095777074 1 0
10000026 2295694190 6 0
10000027 8021369241 6 0
10000028 5047661058 1 0
10000029 6195060819 6 0
10000030 8598411064 3 0
10000031 5730944130 5 0
10000032 8599370327 3 0
10000033 7576257266 1 0
10000034 9470688127 1 0
10000035 9123509475 2 0
10000036 5405922235 1 0
10000037 8166660343 6 0
10000038 3044486404 2 0
10000039 2541137067 4 0
