10000000 7376861273 5 0
10000001 9853690163 4 0
10000002 5625107425 1 0
10000003 2169616920 6 0
10000004 2532081302 5 0
10000005 6617583626 4 0
10000006 8630770711 1 0
10000007 4430824232 6 0
10000008 7643389470 3 0
10000009 3360862260 3 0
10000010 5519682154 1 0
10000011 8486110068 1 0
10000012 9370313576 4 0
10000013 6460097322 5 0
10000014 7129168822 4 0
10000015 9708785797 5 0
10000016 9524342891 6 0
10000017 7344138364 1 0
10000018 9283799197 4 0
10000019 2767327635 3 0
10000020 2024536256 3 0
10000021 8152070235 4 0
10000022 9858052959 3 0
10000023 4789934027 4 0
10000024 3239808433 4 0
10000025 2095777074 1 0
10000026 2295694190 6 0
10000027 8021369241 6 0
10000028 5047661058 1 0
10000029 6195060819 6 0
10000030 8598411064 3 0
10000031 5730944130 5 0
10000032 8599370327 3 0
10000033 7576257266 1 0
10000034 9470688127 1 0
10000035 9123509475 2 0
10000036 5405922235 1 0
10000037 8166660343 6 0
10000038 3044486404 2 0
10000039 2541137067 4 0
10000040 7864929780 1 0
10000041 5188773121 6 0
10000042 9132636857 6 0
10000043 7127370204 1 0
10000044 3341600003 1 0
10000045 7187316869 6 0
10000046 7638897541 5 0
10000047 3855466332 6 0
10000048 2252511734 6 0
10000049 2315037143 1 0
10000050 9782905239 6 0
10000051 9143133241 3 0
10000052 8089661689 2 0
10000053 4151524962 1 0
10000054 3367881559 5 0
10000055 5598532122 5 0
10000056 7721014456 6 0
10000057 2108060098 6 1
10000058 4085089723 4 1
10000059 3019006201 1 1
10000060 8351368082 4 1
10000061 5869051523 6 1
10000062 8323690183 4 1
10000063 9149641328 1 1
10000064 3209475115 5 1
10000065 9251496835 6 1
10000066 3861813090 1 1
10000067 8053477644 1 1
10000068 7065264341 5 1
10000069 2141060448 6 1
10000070 4131873008 1 1
10000071 9177836440 1 1
10000072 8489633201 5 1
10000073 4358311235 1 1
10000074 8048018399 5 1
10000075 4148385067 3 1
10000076 3162122459 3 1
10000077 3214622881 6 1
10000078 8302824976 3 1
10000079 2196250865 6 1
10000080 7137900026 1 1
10000081 5090847737 4 1
10000082 7071728209 6 1
10000083 8474259251 6 1
10000084 8031090830 6 1
10000085 6278342421 1 1
10000086 3017064090 1 1
10000087 8030805974 6 1
10000088 9192571260 4 1
10000089 5748096754 1 1
10000090 2122348530 4 1
10000091 8080115610 5 1
10000092 4434664449 6 1
10000093 8088591437 2 1
10000094 8151428696 4 1
10000095 2705287266 2 1
10000096 4123820296 6 1
10000097 8651372786 5 1
10000098 4351005088 3 1
10000099 5594853788 1 1
10000100 6174851026 1 1
10000101 4786583570 4 1
10000102 6161290348 5 1
10000103 2709526181 6 1
10000104 9201184889 1 1
10000105 2606373289 1 1
10000106 2017147002 3 1
10000107 2395621089 2 1
10000108 9513517189 5 1
10000109 2123126716 5 1
10000110 9560284393 2 1
10000111 6893614461 1 1
10000112 7340165895 3 1
10000113 7088354731 2 1
10000114 4100189130 6 1
10000115 2138063649 4 1
10000116 5011592745 2 1
10000117 4135230076 1 1
10000118 8506647705 4 1
10000119 8170685393 6 1
10000120 7150462047 3 1
10000121 5302884643 3 1
10000122 3128424211 1 1
10000123 3804633766 4 1
10000124 7240947286 1 1
10000125 7141705217 6 1
10000126 8170294664 1 1
10000127 5709506956 3 1
10000128 5703337817 4 1
10000129 5590827035 6 1
10000130 3172622778 5 1
10000131 7277758910 2 1
10000132 5031308391 5 1
10000133 9543376259 1 1
10000134 8626064252 1 1
10000135 7728099874 1 1
10000136 2023736628 6 1
10000137 3191246973 5 1
10000138 6500574757 1 1
10000139 9898866749 2 1
10000140 8174639228 4 1
10000141 5743725451 4 1
10000142 4786395000 2 1
10000143 8573338587 4 1
10000144 7746962165 6 1
10000145 4120115439 3 1
10000146 4356114994 3 1
10000147 9274359795 6 1
10000148 4017828188 6 1
10000149 8480041610 4 1
10000150 2090554035 1 1
10000151 3378899775 1 1
10000152 9136922212 5 1
10000153 3089345104 1 1
10000154 5704341037 4 1
10000155 6053419556 4 1
10000156 6692557357 2 1
10000157 2246302592 1 1
10000158 6079839935 2 1
10000159 7753209246 2 1
10000160 3074166530 1 1
10000161 2108115622 6 1
10000162 6066682049 6 1
10000163 8470662266 1 1
10000164 2519647972 1 1
10000165 4011561273 2 1
10000166 3139897261 3 1
10000167 9064401882 3 1
10000168 6029096953 3 1
10000169 2183352379 2 1
10000170 4308983691 2 1
10000171 3099009564 1 1
10000172 5638190801 6 1
10000173 2075970028 6 1
10000174 2524435475 1 1
10000175 6175916820 1 1
10000176 9791843851 1 1
10000177 3692832058 1 1
10000178 9521380247 1 1
10000179 3192452311 3 1
10000180 8175410268 6 1
10000181 4439496867 5 1
10000182 5700717204 5 1
10000183 9806070841 1 1
10000184 8100503330 1 1
10000185 5160001321 3 1
10000186 3034146537 1 1
10000187 3474175756 1 1
10000188 5802256649 2 1
10000189 6201202251 6 1
10000190 4797369511 6 1
10000191 9158036246 2 1
10000192 2622454912 4 1
10000193 6143778326 999 1
10000194 8054696034 4 1
10000195 4129521147 6 1
10000196 2134275199 1 1
10000197 2136125669 1 1
10000198 7636407124 3 1
10000199 2401293796 4 1
10000200 7166946356 1 1
10000201 5035599755 4 1
10000202 5851430468 6 1
10000203 3394965764 6 1
10000204 2058121312 1 1
10000205 9805145173 1 1
10000206 9018203525 6 1
10000207 5865920051 6 1
10000208 4256738627 4 1
10000209 6289489482 1 1
10000210 3615367876 2 1
10000211 2546558623 4 1
10000212 7403195500 6 1
10000213 2083009069 4 1
10000214 4060386194 6 1
10000215 8043471418 6 1
10000216 7148712697 6 1
10000217 8621751593 3 1
10000218 6069363525 1 1
10000219 3164437663 6 1
10000220 9258781671 6 1
10000221 4175743891 4 1
10000222 6017892912 6 1
10000223 6276768805 999 1
10000224 5571791424 6 1
10000225 7812129039 6 1
10000226 6784763974 5 1
10000227 9496564337 1 1
10000228 6034927308 4 1
10000229 8483116622 3 1
10000230 8103213875 3 1
10000231 7652117818 6 1
10000232 5031488834 2 1
10000233 8088216886 5 1
10000234 2241179853 1 1
10000235 3041085738 6 1
10000236 8185504972 5 1
10000237 8017420866 4 1
10000238 3417716505 3 1
10000239 2784823798 6 1
10000240 3312557961 3 1
10000241 7701752787 4 1
10000242 9354092662 3 1
10000243 9066659559 6 1
10000244 5109979841 6 1
10000245 6828752201 2 2
10000246 6821798922 5 2
10000247 8184840550 5 2